370500006000360012000091750000154070003070600050638000064980000590026000200005064
768001004950027060100000907040082700802010309310000002031800495097003800006100000
910804057050600080608500300271080005090050708380700002027003001009100240030095800
970061283002908047000370000014039020006800530080020090020593000007004965050086310
100040503050380074003750600809000400700000861001874250308400025500007018010538740
370500006000360012000091750000154070003070600050638000064980000590026000200005064
600000380308426700000000060500000009000905078009600050030000026900284000072500000
281000706009400000000000100000609481800000007000308050070094800020005010048100205
000894002080000000604100598703900200168250900500001800870400010030000400000080020
005000190102000000008017050020580010000003020701000380800002060000045030236001547
600075004407210600001060030004000000000456000000020809019047500040002060000130400
000002000290076300600000000830560090000931060000080037020048000009025010003009020
008000090002390084000000000003906700000000010000700002000000326870009000235061000
010060000008007010070001320045000280001003000302090000000080060004000030000600102
079000023060000010008000500704000002000080104030642000905807000010020000400050290
000000430000700010020038000000500000300081950980060004040050000803000090050000640
700000004090600030000000720520070009080000002900000000040052000000000200200900645
000600004407098001000104800000000003015003209002000600000000000060072005000861000
009703000000080600000045000930000200750000036000307000400900000000800143020000000
000000300001204080000000004306000007007000060000030820000001040000000098008500701
270180000400200100100700003500030000700000000000000000060000050300000800807000092
800000000003600000070090200050007000000045700000100030001000068008500010090000400
100000009000000008700000000000300006500000000000400000000000003000000002000780001
000000070010904008009000000000000050001700003009600100000670900000000004082046000
500080040010300000080000000007100600000000000003006700000020003000000060000700009
700000000000300900005007002100400000090010060000007003300200400008000005000000001



